35,30
34,46
35,29
34,45
34,44
33,6
33,9
34,43
33,319
33,318
33,317
33,316
33,315
33,314
33,313
33,312
33,311
35,28
35,27
33,310
35,26
34,42
35,25
34,41
34,10
34,40
34,39
34,26
34,27
35,24
35,23
35,22
33,309
33,308
33,307
33,306
33,305
33,304
33,303
33,302
33,301
33,300
33,299
35,21
35,20
35,19
34,38
34,37
34,36
33,298
35,18
34,35
34,34
34,33
33,297
33,296
33,295
33,294
33,293
33,292
33,291
33,290
33,289
33,288
33,287
33,286
33,285
33,284
33,283
33,282
33,281
33,280
33,279
33,278
34,32
0,387
0,469
0,465
0,463
0,460
0,459
0,455
0,453
0,452
0,451
34,4
0,449
34,31
0,572
34,7
35,11
0,554
0,552
34,30
0,549
0,548
0,547
0,546
0,545
0,544
0,543
0,542
0,541
0,540
70,36
33,277
33,276
70,35
33,253
33,252
33,251
33,250
33,249
33,248
33,247
33,246
33,245
33,244
33,243
33,242
33,241
33,240
33,239
33,238
33,237
33,236
33,235
33,234
33,233
33,232
33,231
33,230
33,229
33,228
33,227
33,226
33,225
33,224
33,223
33,222
33,221
33,220
33,219
33,218
33,217
33,216
33,215
33,214
33,213
33,212
33,211
33,210
33,209
33,208
33,207
33,206
33,205
33,204
33,203
33,202
33,201
33,200
33,199
33,198
33,197
33,196
33,195
33,194
33,193
33,192
33,191
33,190
33,189
33,188
33,187
33,186
33,185
33,184
33,183
33,182
33,181
33,180
33,179
33,178
33,177
33,176
33,175
33,174
33,173
33,172
33,171
33,170
33,169
33,168
33,167
33,166
33,165
33,164
33,163
33,162
33,161
33,160
33,159
33,158
33,157
33,156
33,155
33,154
33,153
33,152
33,151
33,150
33,149
33,148
33,147
33,146
